$ANSIBLE_VAULT;1.1;AES256
62636531633036383739343239336532623439323831626331353134653033656535653532316232
6664393730343165343837616533346163636635386135620a633966646232653334303166643831
38346332656433653834653939336432646137373633636466373162396436646236613835396636
3133333331376332310a306434636164393563616662653931643163383338616539343233666264
35353239363938663061383662363364343264306537316233636163363936623463336332396138
35303864616539306466653161353165396564316233333965353733666131363033363737336639
35366465636363386336616539393137363330373634356131623531306563396466343566396232
63373435326338643233316131353430623138666439356635383465303635303266323461346532
33323235626666383739646336613737316636363539353366306638373837323832653136663364
33313739373939633763316362366338376432356137303939373136343431366536353864313734
39656562663936653264313333656338316639646138373338363634336235313764393837346262
32353830323763386235363135356262663234366530363439356332393839616337363566653361
63626639663263616338633239613535363537336336353438623739306166376533663834393461
61653831323835636434336338373865363134323463393138386663356362306132663236633835
35396261303964353766386533313762613865643965623761383135626464363239383564366166
64613639386539633066383765303331373863636363306432646530323661633862663962323937
64396334663966653663373338343761653332323332636438376262633563313131646239393162
33633534363363633233363934326465336535383436313863353535626334323239383238373266
38656136663035313338626563633764663733613565376337646266646266373864333663356561
64343532356137663337373334666132363865363433326136643064653961653161646436313336
36393133653335373237326131636239326538663262396137346664616665303635373537646436
38366439386531343136393533366465363364303333336233653130376539333034366231353630
61396465303562643430363031626264396461623237356662346534653862643965626233323566
64666633386630393930383366663663353262653533646234373263626462343065613530343034
64623266353462393439333230666365306530393433313335396663613437383165386463393330
65353466363264633961333236356565303230353366643337363737636161386530646336323962
61626436376331616234653735366338396331353733373634656464333434616631616536613866
33653133343135373238656431386531316561396431396561383162313035363537363365663937
62323438346337333562356334323064396135643130666463383238356164393631313137613866
63653436313134323231653235376538353337363531333835616363633665396261613066323637
31373232323438666436656535313661316433396261353765633634626632663636303261623135
63623632663633333866663762386465383934363337303536326637343139616664653536313037
31623939646634356435373133396465393630366166666134316436356363343130656438336532
64393830633663643035373234626336626266386162326236336330623366356666313961326535
66303536656538343033656562376564636563376131353766656233633662643939393335373534
30613536353238663839656161666230653431363932626532646362643633356666643136306531
64386663326130316339386538343965303838366134663436333934393836663235303161306134
62643366616334313033643963366130306162336634316131346661323665303765646665336361
63646266303964383566386661363062396435633034343134656565343730333862363335643561
39633137383636643262373233373064333562323531303962353237366636303538343365303438
30623531336632363630313730373561333531663139303835303433356366316162353231376439
38623565663631396463333761323739313330623430383364366233633638326264663663393036
34333366313837316462356531393564333237373461376365663539393431616439346533633666
62663931346132373966356665353633313138313937653931643032383563613163666530303263
34653538303236396132386232646364653163623463353365393763343065386130626461326532
37316331663035663033653461633132376236326333653766353630623034346562653434623537
30643662346663666133303361353937366633646663653638303361653337363264656361316566
30333366313036386438353639363139323466643361313138356235396161343532316266303565
31373234303765333035666430326661646438393132353865653466383062383766343331656636
31653330343366313866383131623631336264613630363665663764333835643037646635356339
38393464633065386363376663643834616663623332353763373835396330333664613366316361
63613539633461653834626130633738663263303230613965636235396265626330306465376634
35386165316535343733356466393935626134363364303634373331356136306432306434313738
65383636633639646265623161393038613638306437346163366536626162383232646464623135
61633365616132333532313437323433343133313333366233373661636231383465646137653530
32643030363937666534383634323037653935306235326237656530303164313032333262613136
30306235393331323464313734326364666235623630333139633361633965343131653231346235
33313339653834623236323234343362363962346265383464353036333664363238613931353261
34643738333563656165643139353537376635363438656165303663336635663332653638366330
30363331653631346165386133326535633265333332646164376531393530333930616532356462
66663732323937656635353439653238323434343336303930663564373536373731326665386538
34653537623165633633373038666430613336626264343366633131323430393864373036613432
31636564343034386365663231303262313064393666363831326465666130333861653732363163
64343836636666636265373931643235366330643564336436313061333331343236623438363339
61326136386435323231363830316661363561386562363661633037366566346661666261336464
61656330376264333737363139383361386161373163316431373165313236643065323661376362
38363366613138376137653464303937343364373237383338396564626164663239313564313636
35336334616665363133356437373634623963623465623039393236326136343932366432646364
39643266393931666130616162656462623266636164616266623237343763363730396138643533
65643538316434653933636338646166623666666563313031616466353834396532653362636234
61613865666435333762383536303364646136303232326630326433396433306566306664653561
62636365363262386265323562383537393965326336626139613462343536383131323231396165
38636334616263623837316563653035343830366138363139363365306336393135353637313035
32643566616465646238643335636437393835353565613237623566613532356166653561306538
39343333643130623964353263316263323264356438373539626432346433353765636230323235
35323932323461336662386135386364623966323366396463376534616432616464633963376236
63636638366564363630373664396363336132363031366262386330343431356631313038663737
32653734336230663461363661383732653839653861643966613263313362346233356232613637
64656235356561623530333337613861666338346535393764383331373139383231623031343234
64653966353563306664626436383266323333613732303065633233303961373833316533393135
65396164333031386232656365373938643762383732616364343661653064323536396261646532
63386236376264373833666337393336303161353835323536323539313430633166366461313562
65616438623161323539373865663331643337643231353863326439643066333032376163373232
64303264653039376238383731616462663730386632663638653962323630363064626465613366
34306464326139383764633937643562613166346138633235393838376433366663633132623665
35646132623666626161616566626334663532373634353366616632373364326365653365643233
30383334326263613632326164313933336238636339313030306437663265343732323232646332
34663162393862656232396361353233316536356330356435366563656565356139626564643535
36626266643264663939396338383535383036373830376661333339366337323362386563393364
63303762313964383232626330323061613261623363383936663937386433636132333438633966
36373432656236653530646664343336626534316530336165386366383039396132326361333166
66663764396537353164303963323939333832653536376432623836323365333730386631393031
64393333373535616632323561313132383766336439373966653534636335613364353430623061
3939333461303735613265663930663164303434313533363539
